10	    32839764480	28123593984	29312021916	30501153576	28898644968
20		30479544073 33250701978 30688915942 30900396718 30172045726
50		30159354754 30959560623 30951444535 30170928294 30407346529
100		30448420722	30081548761	29825899698	30527559313	31411338823
200		30373031014	30503297313	30337676098	30663762223	30550870758
500		30388337739	30302610330	30433101970	30505368964	30412226364
1000	30213783305	29899076844	30158892883	29914092456	30254174070
2000	30230786056	30161195344	30096842145	30175003725	30186351699
5000	30117717874	30148172702	30131291806	30149158514	30158702653
10000	30032737642	30187814068	30098054335	30133386721	30138083722
20000	30110620813 30108711482 30140352935 30119016332 30118340245
50000	30146055636 30121896407 30100927685 30102709553 30106462415
100000	30079637799	30095677093	30098938207	30101321393	30086087063
200000	30083274933	30105837535	30069427164	30078730115	30085024126
300000	30090140270	30085921842	30092671984	30090136518	30081372687
400000	30101957374	30083663360	30097485959	30093721618	30101086457
500000	30095894782	30090935085	30100467365	30089771651	30082968960
600000	30091990045	30095981998	30085779734	30092072381	30093899945
700000	30095746667	30093905705	30102817324	30093895276	30095900108
800000	30093092802	30096291994	30101042149	30105181726	30103137863
900000	30097965389	30095483902	30092559860	30088327209	30091921141
1000000	30093042367	30102520212	30089625547	30091879833	30098236919


